  -0.801    -0.598    37.709   107.867    -0.390 
  -0.824    -0.566    64.604   141.986    -0.027 
  -0.824    -0.567    56.468   130.197    -0.013 
  -0.823    -0.567    48.313   118.413     0.001 
  -0.823    -0.568    40.138   106.634     0.010 
  -0.823    -0.569    31.943    94.861     0.071 
  -0.845    -0.534    73.214   153.549     0.015 
  -0.845    -0.535    65.593   141.524     0.111 
  -0.845    -0.535    57.953   129.503     0.074 
  -0.844    -0.536    50.295   117.486    -0.025 
  -0.844    -0.536    42.617   105.475     0.081 
  -0.844    -0.537    34.920    93.467     0.256 
  -0.865    -0.503    59.467   128.853     0.061 
  -0.864    -0.503    52.314   116.618     0.018 
  -0.864    -0.504    45.144   104.388     0.101 
  -0.864    -0.504    37.955    92.162     0.182 
  -0.863    -0.505    30.748    79.940    -0.471 
  -0.884    -0.468    74.230   153.131    -0.055 
  -0.884    -0.468    67.626   140.688    -0.069 
  -0.883    -0.469    61.006   128.247     0.146 
  -0.883    -0.469    54.369   115.810     0.085 
  -0.883    -0.470    47.715   103.377     0.001 
  -0.883    -0.470    41.043    90.947     0.046 
  -0.901    -0.433    74.750   152.945     0.043 
  -0.901    -0.433    68.668   140.315     0.085 
  -0.901    -0.434    62.570   127.688     0.131 
  -0.901    -0.434    56.456   115.063     0.123 
  -0.900    -0.435    50.326   102.442     0.085 
  -0.918    -0.397    75.278   152.775     0.122 
  -0.918    -0.398    69.724   139.973     0.203 
  -0.917    -0.398    64.156   127.174    -0.077 
  -0.917    -0.398    58.574   114.378     0.168 
  -0.917    -0.399    52.976   101.584     0.146 
  -0.917    -0.399    47.364    88.793     0.074 
  -0.933    -0.360    75.812   152.620     0.183 
  -0.933    -0.361    70.794   139.663     0.067 
  -0.933    -0.361    65.763   126.708     0.064 
  -0.932    -0.362    60.719   113.755     0.161 
  -0.932    -0.362    55.661   100.805     0.011 
  -0.932    -0.362    50.589    87.856     0.273 
  -0.947    -0.323    76.352   152.480     0.238 
  -0.946    -0.323    71.877   139.384     0.126 
  -0.946    -0.323    67.389   126.289     0.220 
  -0.946    -0.324    62.889   113.196     0.112 
  -0.946    -0.324    58.376   100.105     0.057 
  -0.946    -0.325    53.852    87.015     0.168 
  -0.959    -0.284    76.898   152.357     0.243 
  -0.959    -0.284    72.970   139.137     0.227 
  -0.959    -0.285    69.031   125.918    -0.034 
  -0.958    -0.285    65.081   112.701    -0.023 
  -0.958    -0.286    57.148    86.271     0.140 
  -0.970    -0.245    77.449   152.250     0.161 
  -0.969    -0.245    74.073   138.922     0.048 
  -0.969    -0.246    70.687   125.596     0.102 
  -0.969    -0.246    67.292   112.271    -0.022 
  -0.969    -0.246    63.888    98.947     0.043 
  -0.969    -0.247    60.474    85.623     0.057 
  -0.979    -0.205    78.004   152.159     0.280 
  -0.979    -0.205    75.184   138.740     0.033 
  -0.979    -0.206    72.356   125.323     0.093 
  -0.979    -0.206    69.521   111.906     0.103 
  -0.979    -0.206    66.677    98.490     0.057 
  -0.978    -0.207    63.826    85.074     0.043 
  -0.986    -0.165    78.562   152.085     0.161 
  -0.986    -0.165    76.302   138.591     0.203 
  -0.986    -0.165    74.036   125.099     0.182 
  -0.986    -0.165    71.763   111.607     0.043 
  -0.986    -0.166    69.484    98.115    -0.006 
  -0.986    -0.166    67.198    84.624     0.149 
  -0.992    -0.124    79.124   152.027     0.223 
  -0.992    -0.124    77.426   138.475     0.177 
  -0.992    -0.124    75.724   124.924     0.073 
  -0.992    -0.124    74.017   111.373     0.109 
  -0.992    -0.125    72.305    97.823     0.085 
  -0.992    -0.125    70.588    84.274     0.224 
  -0.997    -0.083    79.687   151.985     0.168 
  -0.997    -0.083    78.554   138.392     0.227 
  -0.997    -0.083    77.418   124.799     0.158 
  -0.997    -0.083    76.278   111.207     0.083 
  -0.997    -0.083    75.136    97.615     0.161 
  -0.997    -0.083    73.990    84.023     0.071 
  -0.999    -0.041    80.251   151.960     0.294 
  -0.999    -0.042    79.684   138.342     0.042 
  -0.999    -0.042    79.116   124.724     0.199 
  -0.999    -0.042    78.546   111.107     0.037 
  -0.999    -0.042    77.974    97.489     0.069 
  -0.999    -0.042    77.401    83.872     0.085 
  -1.000     0.000    80.816   151.952     0.196 
  -1.000     0.000    80.816   138.325     0.335 
  -1.000     0.000    80.816   124.699     0.194 
  -1.000     0.000    80.816   111.073    -0.030 
  -1.000     0.000    80.816    97.448     0.126 
  -1.000     0.000    80.816    83.822     0.098 
  -0.999     0.041    81.382   151.960     0.316 
  -0.999     0.042    81.949   138.342     0.212 
  -0.999     0.042    82.517   124.724     0.266 
  -0.999     0.042    83.087   111.107     0.144 
  -0.999     0.042    83.658    97.489     0.137 
  -0.999     0.042    84.232    83.872     0.168 
  -0.997     0.083    81.946   151.985     0.273 
  -0.997     0.083    83.079   138.392     0.126 
  -0.997     0.083    84.215   124.799     0.098 
  -0.997     0.083    85.354   111.207     0.154 
  -0.997     0.083    86.497    97.615     0.092 
  -0.997     0.083    87.643    84.023     0.447 
  -0.997     0.084    88.792    70.432    -0.586 
  -0.992     0.124    82.509   152.027    -0.013 
  -0.992     0.124    84.207   138.475     0.352 
  -0.992     0.124    85.909   124.924     0.114 
  -0.992     0.124    87.616   111.373     0.135 
  -0.992     0.125    89.328    97.823     0.064 
  -0.992     0.125    91.045    84.274     0.252 
  -0.986     0.165    83.070   152.085     0.133 
  -0.986     0.165    85.331   138.591    -0.006 
  -0.986     0.165    87.597   125.099     0.193 
  -0.986     0.166    92.149    98.115     0.301 
  -0.979     0.205    83.629   152.159     0.001 
  -0.979     0.205    86.449   138.740     0.224 
  -0.979     0.206    89.277   125.323     0.168 
  -0.978     0.207    97.807    85.074     0.621 
  -0.970     0.245    84.184   152.250     0.001 
  -0.969     0.245    87.560   138.922     0.132 
  -0.969     0.247   101.159    85.623     0.419 
  -0.959     0.284    84.734   152.357     0.042 
  -0.959     0.284    88.663   139.137     0.161 
  -0.959     0.285    92.602   125.918     0.217 
  -0.958     0.285    96.552   112.701     0.210 
  -0.958     0.286   100.513    99.485     0.210 
  -0.958     0.286   104.485    86.271     0.417 
  -0.958     0.286   108.467    73.058    -0.062 
  -0.947     0.323    85.280   152.480     0.185 
  -0.946     0.323    94.244   126.289     0.220 
  -0.946     0.324    98.744   113.196     0.147 
  -0.946     0.324   103.257   100.105     0.224 
  -0.946     0.325   107.781    87.015     0.281 
  -0.933     0.360    85.821   152.620     0.043 
  -0.933     0.361    90.839   139.663     0.042 
  -0.933     0.361    95.870   126.708     0.125 
  -0.932     0.362   100.914   113.755     0.363 
  -0.932     0.362   105.972   100.805     0.287 
  -0.932     0.362   111.044    87.856     0.419 
  -0.932     0.363   116.129    74.910    -0.634 
  -0.918     0.397    86.355   152.775     0.070 
  -0.918     0.398    91.909   139.973     0.258 
  -0.917     0.398    97.477   127.174     0.307 
  -0.917     0.398   103.059   114.378     0.346 
  -0.917     0.399   108.657   101.584     0.057 
  -0.917     0.399   114.269    88.793     0.433 
  -0.901     0.433    86.883   152.945     0.090 
  -0.901     0.433    92.965   140.315     0.282 
  -0.901     0.434    99.063   127.688     0.245 
  -0.900     0.435   111.306   102.442     0.088 
  -0.900     0.435   117.452    89.823     0.433 
  -0.884     0.468    87.403   153.131     0.126 
  -0.884     0.468    94.007   140.688     0.244 
  -0.883     0.469   100.627   128.247     0.262 
  -0.883     0.469   107.264   115.810     0.280 
  -0.883     0.470   113.918   103.377     0.266 
  -0.883     0.470   120.590    90.947     0.210 
  -0.865     0.502    87.915   153.333     0.112 
  -0.865     0.502    95.032   141.091     0.236 
  -0.865     0.503   102.166   128.853     0.210 
  -0.864     0.503   109.319   116.618     0.294 
  -0.864     0.504   116.489   104.388     0.273 
  -0.864     0.504   123.678    92.162     0.238 
  -0.845     0.534    88.419   153.549     0.184 
  -0.845     0.535    96.040   141.524     0.210 
  -0.845     0.535   103.680   129.503     0.210 
  -0.844     0.536   111.338   117.486     0.172 
  -0.844     0.536   119.016   105.475     0.050 
  -0.844     0.537   126.713    93.467     0.234 
  -0.825     0.566    88.913   153.780     0.265 
  -0.824     0.566    97.029   141.986     0.286 
  -0.824     0.567   105.164   130.197     0.342 
  -0.823     0.567   113.320   118.413     0.217 
  -0.823     0.569   129.690    94.861     0.321 
  -0.803     0.596    89.397   154.025     0.121 
  -0.802     0.597    97.998   142.477     0.161 
  -0.802     0.597   106.620   130.935     0.214 
  -0.802     0.598   115.261   119.398     0.414 
  -0.801     0.598   123.924   107.867    -0.029 
  -0.801     0.599   132.607    96.341    -0.283 
  -0.780     0.626    89.871   154.284     0.123 
  -0.780     0.626    98.946   142.996     0.114 
  -0.779     0.627   108.043   131.714    -0.142 
  -0.779     0.627   117.160   120.439    -0.408 
  -0.778     0.628   126.299   109.169    -0.259 
  -0.778     0.628   135.459    97.906    -0.509 
  -0.778     0.629   144.640    86.649    -0.631 
  -0.777     0.629   153.843    75.399    -0.391 
  -0.777     0.630   163.068    64.154    -0.551 
  -0.776     0.630   172.315    52.917    -0.433 
  -0.757     0.654    90.334   154.557    -0.006 
  -0.756     0.654    99.872   143.543     0.050 
  -0.756     0.655   109.432   132.536    -0.219 
  -0.755     0.655   119.014   121.535    -0.451 
  -0.755     0.656   128.618   110.541    -0.433 
  -0.755     0.656   138.243    99.554    -0.888 
  -0.754     0.657   147.890    88.574    -0.719 
  -0.754     0.657   157.560    77.601    -0.440 
  -0.753     0.658   167.251    66.635    -0.437 
  -0.733     0.680    90.785   154.844     0.122 
  -0.732     0.681   100.775   144.117     0.110 
  -0.732     0.682   110.787   133.397     0.092 
  -0.731     0.682   120.821   122.685     0.196 
  -0.731     0.683   130.877   111.980     0.426 
  -0.708     0.706    91.224   155.144     0.159 
  -0.708     0.707   101.653   144.717     0.157 
  -0.707     0.707   112.105   134.298     0.182 
  -0.707     0.708   122.578   123.887     0.266 
  -0.706     0.708   133.075   113.485     0.234 
  -0.705     0.709   143.594   103.090     0.489 
  -0.705     0.709   154.136    92.704    -0.558 
  -0.683     0.731    91.650   155.456     0.116 
  -0.682     0.731   102.506   145.342     0.133 
  -0.682     0.732   113.384   135.237     0.094 
  -0.681     0.732   124.284   125.141     0.114 
  -0.681     0.733   135.208   115.053     0.294 
  -0.680     0.733   146.154   104.974    -0.041 
  -0.680     0.734   157.123    94.904    -0.461 
  -0.657     0.754    92.063   155.781     0.195 
  -0.656     0.754   103.331   145.992     0.124 
  -0.656     0.755   114.623   136.213    -0.003 
  -0.655     0.755   125.937   126.443     0.142 
  -0.655     0.756   137.273   116.683    -0.083 
  -0.654     0.756   148.633   106.932     0.140 
  -0.631     0.776    92.462   156.117     0.009 
  -0.630     0.777   104.130   146.666     0.070 
  -0.629     0.778   127.533   127.794     0.290 
  -0.628     0.778   139.269   118.373     0.266 
  -0.628     0.778   151.028   108.962    -0.294 
  -0.627     0.779   162.809    99.561    -0.412 
  -0.604     0.797    92.847   156.466     0.048 
  -0.602     0.798   129.073   129.191     0.238 
  -0.601     0.799   141.193   120.120    -0.415 
  -0.601     0.799   153.336   111.061    -0.135 
  -0.600     0.800   165.501   102.012    -0.307 
  -0.600     0.800   177.690    92.975    -0.496 
  -0.576     0.817   105.640   148.083     0.014 
  -0.576     0.818   118.085   139.351    -0.083 
  -0.575     0.818   130.552   130.632     0.071 
  -0.574     0.819   143.042   121.923     0.335 
  -0.549     0.836    93.572   157.195     0.095 
  -0.549     0.836   106.350   148.823     0.022 
  -0.548     0.836   119.149   140.463     0.038 
  -0.547     0.837   131.971   132.115    -0.076 
  -0.547     0.837   144.814   123.779     0.043 
  -0.546     0.838   157.679   115.456    -0.080 
  -0.544     0.839   196.408    90.557    -0.482 
  -0.521     0.853    93.912   157.575     0.073 
  -0.521     0.854   107.028   149.584     0.027 
  -0.520     0.854   120.166   141.606    -0.019 
  -0.520     0.854   133.326   133.640    -0.081 
  -0.519     0.855   146.507   125.687    -0.114 
  -0.518     0.855   159.710   117.746    -0.301 
  -0.493     0.870    94.235   157.965     0.064 
  -0.493     0.870   107.675   150.365     0.057 
  -0.492     0.870   121.135   142.777    -0.027 
  -0.492     0.871   134.617   135.203     0.147 
  -0.491     0.871   148.119   127.642    -0.034 
  -0.490     0.871   161.642   120.095    -0.206 
  -0.490     0.872   175.187   112.561    -0.335 
  -0.465     0.885    94.542   158.364     0.208 
  -0.465     0.886   108.289   151.164     0.189 
  -0.464     0.886   122.055   143.977    -0.028 
  -0.462     0.887   163.476   122.499    -0.245 
  -0.462     0.887   177.323   115.367    -0.337 
  -0.437     0.900    94.833   158.772     0.057 
  -0.436     0.900   108.869   151.980     0.036 
  -0.436     0.900   122.924   145.202     0.126 
  -0.435     0.900   136.999   138.439    -0.013 
  -0.434     0.901   151.093   131.690     0.230 
  -0.433     0.901   179.340   118.235    -0.307 
  -0.432     0.902   207.665   104.839    -0.443 
  -0.408     0.913    95.106   159.188     0.028 
  -0.408     0.913   109.414   152.813     0.057 
  -0.407     0.913   123.741   146.453     0.210 
  -0.406     0.914   138.087   140.107    -0.014 
  -0.406     0.914   152.451   133.777     0.136 
  -0.405     0.915   181.235   121.161    -0.318 
  -0.404     0.915   195.655   114.875    -0.546 
  -0.403     0.915   210.094   108.605    -0.492 
  -0.379     0.925    95.362   159.613     0.224 
  -0.379     0.925   109.925   153.662     0.057 
  -0.378     0.926   124.506   147.727    -0.083 
  -0.378     0.926   139.104   141.807     0.007 
  -0.377     0.926   153.720   135.902     0.022 
  -0.376     0.927   183.006   124.140    -0.346 
  -0.375     0.927   197.675   118.283    -0.405 
  -0.375     0.927   212.362   112.441    -0.503 
  -0.351     0.937    95.600   160.044     0.056 
  -0.350     0.937   110.400   154.525     0.057 
  -0.349     0.937   125.217   149.022     0.023 
  -0.349     0.937   140.051   143.535    -0.058 
  -0.348     0.938   169.767   132.609    -0.307 
  -0.347     0.938   184.651   127.170    -0.353 
  -0.346     0.938   199.551   121.747    -0.471 
  -0.322     0.947    95.820   160.482    -0.000 
  -0.321     0.947   110.839   155.402     0.027 
  -0.320     0.947   125.874   150.338    -0.112 
  -0.320     0.947   140.924   145.290    -0.193 
  -0.319     0.948   171.071   135.244    -0.482 
  -0.318     0.948   186.168   130.246    -0.468 
  -0.317     0.948   201.280   125.264    -0.479 
  -0.293     0.956    96.022   160.926    -0.015 
  -0.292     0.956   111.242   156.291     0.105 
  -0.291     0.957   126.476   151.672    -0.024 
  -0.291     0.957   141.724   147.070    -0.063 
  -0.290     0.957   156.987   142.484    -0.178 
  -0.290     0.957   172.264   137.916    -0.121 
  -0.289     0.957   187.555   133.365    -0.377 
  -0.288     0.958   202.861   128.830    -0.342 
  -0.288     0.958   218.180   124.313    -0.433 
  -0.263     0.965    96.205   161.376     0.071 
  -0.263     0.965   111.607   157.191    -0.013 
  -0.262     0.965   127.021   153.023     0.028 
  -0.262     0.965   142.449   148.872    -0.062 
  -0.261     0.965   157.890   144.738    -0.079 
  -0.260     0.965   173.344   140.622     0.087 
  -0.260     0.966   188.811   136.522    -0.377 
  -0.259     0.966   204.291   132.441    -0.374 
  -0.259     0.966   219.784   128.376    -0.424 
  -0.234     0.972    96.369   161.831    -0.001 
  -0.234     0.972   111.934   158.101    -0.149 
  -0.233     0.972   127.511   154.389    -0.101 
  -0.232     0.973   143.099   150.694    -0.137 
  -0.232     0.973   158.699   147.017    -0.238 
  -0.231     0.973   174.311   143.357    -0.398 
  -0.231     0.973   189.934   139.715    -0.419 
  -0.230     0.973   205.569   136.091    -0.349 
  -0.229     0.973   221.216   132.484    -0.419 
  -0.205     0.979    96.515   162.291     0.035 
  -0.204     0.979   127.943   155.769    -0.196 
  -0.203     0.979   143.673   152.534    -0.105 
  -0.203     0.979   159.413   149.318    -0.266 
  -0.202     0.979   175.163   146.119    -0.419 
  -0.201     0.980   190.923   142.939    -0.468 
  -0.201     0.980   206.694   139.776    -0.333 
  -0.200     0.980   222.475   136.632    -0.386 
  -0.176     0.984    96.641   162.754     0.021 
  -0.175     0.985   128.318   157.160    -0.168 
  -0.174     0.985   144.169   154.390    -0.057 
  -0.173     0.985   160.030   151.639    -0.283 
  -0.173     0.985   175.899   148.905    -0.420 
  -0.172     0.985   191.778   146.190    -0.461 
  -0.172     0.985   207.665   143.493    -0.530 
  -0.171     0.985   223.561   140.814    -0.426 
  -0.146     0.989    96.748   163.221     0.363 
  -0.146     0.989   112.687   160.883    -0.119 
  -0.145     0.989   128.634   158.562    -0.152 
  -0.145     0.989   144.588   156.260    -0.410 
  -0.144     0.990   160.550   153.976    -0.245 
  -0.143     0.990   176.519   151.711    -0.388 
  -0.143     0.990   192.496   149.464    -0.406 
  -0.142     0.990   208.480   147.235    -0.400 
  -0.142     0.990   224.471   145.025    -0.558 
  -0.141     0.990   240.469   142.834    -0.203 
  -0.117     0.993    96.836   163.691     0.070 
  -0.116     0.993   112.861   161.823    -0.078 
  -0.116     0.993   128.892   159.972    -0.102 
  -0.115     0.993   144.930   158.141    -0.258 
  -0.115     0.993   160.973   156.328    -0.293 
  -0.114     0.993   177.022   154.533    -0.367 
  -0.113     0.994   193.077   152.757    -0.476 
  -0.113     0.994   209.138   151.000    -0.349 
  -0.112     0.994   225.205   149.261    -0.454 
  -0.088     0.996    96.904   164.163    -0.027 
  -0.087     0.996   112.996   162.767     0.017 
  -0.086     0.996   129.092   161.389    -0.114 
  -0.086     0.996   145.193   160.030    -0.224 
  -0.085     0.996   161.298   158.690    -0.389 
  -0.085     0.996   177.408   157.368    -0.456 
  -0.084     0.996   193.522   156.065    -0.405 
  -0.084     0.997   209.640   154.781    -0.433 
  -0.058     0.998    96.952   164.637    -0.017 
  -0.058     0.998   113.091   163.715    -0.018 
  -0.057     0.998   129.233   162.811    -0.140 
  -0.056     0.998   145.377   161.926    -0.344 
  -0.056     0.998   161.525   161.060    -0.544 
  -0.055     0.998   177.675   160.213    -0.569 
  -0.055     0.999   193.828   159.385    -0.523 
  -0.054     0.999   209.984   158.575    -0.425 
  -0.054     0.999   226.143   157.784    -0.445 
  -0.053     0.999   242.304   157.012    -0.391 
  -0.029     1.000    96.981   165.112    -0.031 
  -0.028     1.000   113.147   164.665    -0.053 
  -0.028     1.000   129.314   164.237    -0.151 
  -0.027     1.000   145.483   163.827    -0.293 
  -0.026     1.000   161.653   163.436    -0.555 
  -0.026     1.000   177.825   163.064    -0.705 
  -0.025     1.000   193.997   162.711    -0.530 
  -0.025     1.000   210.171   162.377    -0.426 
  -0.024     1.000   226.345   162.061    -0.331 
  -0.024     1.000   242.521   161.765    -0.391 
   0.001     1.000    96.990   165.588    -0.004 
   0.001     1.000   113.163   165.616    -0.111 
   0.002     1.000   129.337   165.663    -0.154 
   0.002     1.000   145.510   165.729    -0.316 
   0.003     1.000   161.683   165.814    -0.624 
   0.003     1.000   177.856   165.918    -0.712 
   0.004     1.000   194.028   166.040    -0.557 
   0.005     1.000   210.200   166.182    -0.347 
   0.005     1.000   226.371   166.342    -0.189 
   0.006     1.000   242.542   166.521     0.079 
   0.030     1.000    96.979   166.063     0.003 
   0.031     1.000   113.141   166.567    -0.015 
   0.031     1.000   129.300   167.090    -0.154 
   0.032     0.999   145.458   167.631    -0.227 
   0.032     0.999   161.614   168.192    -0.628 
   0.033     0.999   177.768   168.771    -0.701 
   0.033     0.999   193.921   169.368    -0.725 
   0.034     0.999   210.071   169.985    -0.361 
   0.035     0.999   226.219   170.620    -0.276 
   0.059     0.998    96.949   166.538     0.015 
   0.060     0.998   113.078   167.517    -0.062 
   0.061     0.998   129.205   168.515    -0.112 
   0.061     0.998   145.328   169.531    -0.231 
   0.062     0.998   161.447   170.566    -0.482 
   0.062     0.998   177.563   171.619    -0.712 
   0.063     0.998   193.676   172.691    -0.698 
   0.063     0.998   209.785   173.782    -0.238 
   0.064     0.998   225.890   174.892    -0.282 
   0.065     0.998   241.992   176.020     0.166 
   0.089     0.996    96.899   167.012    -0.002 
   0.089     0.996   112.977   168.465    -0.010 
   0.090     0.996   129.050   169.936    -0.208 
   0.091     0.996   145.118   171.425    -0.270 
   0.091     0.996   161.182   172.933    -0.559 
   0.092     0.996   177.240   174.460    -0.707 
   0.092     0.996   193.294   176.005    -0.621 
   0.093     0.996   209.342   177.569    -0.377 
   0.093     0.996   225.386   179.151    -0.217 
   0.094     0.996   241.424   180.752     0.069 
   0.118     0.993    96.830   167.484    -0.021 
   0.119     0.993   112.836   169.408    -0.067 
   0.119     0.993   128.837   171.351    -0.283 
   0.120     0.993   144.831   173.312    -0.219 
   0.121     0.993   160.819   175.292    -0.586 
   0.121     0.993   176.800   177.290    -0.736 
   0.122     0.993   192.775   179.306    -0.698 
   0.122     0.992   208.744   181.340    -0.240 
   0.123     0.992   224.706   183.393    -0.196 
   0.148     0.989    96.740   167.954    -0.050 
   0.148     0.989   112.657   170.348    -0.129 
   0.149     0.989   128.565   172.760    -0.141 
   0.149     0.989   144.466   175.190    -0.253 
   0.150     0.989   160.359   177.638    -0.530 
   0.150     0.989   176.244   180.105    -0.717 
   0.151     0.989   192.121   182.589    -0.656 
   0.152     0.988   223.851   187.613    -0.266 
   0.177     0.984    96.632   168.421    -0.036 
   0.177     0.984   112.438   171.281     0.133 
   0.178     0.984   128.236   174.159    -0.049 
   0.179     0.984   144.024   177.055    -0.258 
   0.179     0.984   159.802   179.969    -0.445 
   0.180     0.984   175.572   182.901    -0.628 
   0.180     0.984   191.332   185.851    -0.656 
   0.181     0.983   207.083   188.819    -0.500 
   0.182     0.983   222.824   191.805    -0.029 
   0.182     0.983   238.556   194.808    -0.126 
   0.206     0.979    96.504   168.884     0.005 
   0.207     0.978   112.182   172.207     0.018 
   0.207     0.978   127.848   175.548    -0.196 
   0.208     0.978   143.505   178.907    -0.112 
   0.209     0.978   159.150   182.283    -0.291 
   0.209     0.978   174.785   185.677    -0.635 
   0.210     0.978   190.409   189.088    -0.613 
   0.210     0.978   206.022   192.517    -0.516 
   0.211     0.978   221.625   195.964    -0.294 
   0.212     0.977   237.217   199.428     0.069 
   0.235     0.972    96.358   169.343     0.018 
   0.236     0.972   111.887   173.125    -0.053 
   0.237     0.972   127.404   176.925    -0.161 
   0.237     0.971   142.909   180.742    -0.363 
   0.238     0.971   158.403   184.576    -0.227 
   0.238     0.971   173.884   188.428    -0.651 
   0.239     0.971   189.353   192.296    -0.687 
   0.240     0.971   204.811   196.182    -0.558 
   0.240     0.971   220.256   200.085    -0.336 
   0.265     0.964    96.192   169.798    -0.146 
   0.265     0.964   111.554   174.034    -0.130 
   0.266     0.964   126.903   178.288    -0.335 
   0.266     0.964   142.239   182.558    -0.147 
   0.267     0.964   157.561   186.846    -0.119 
   0.268     0.964   172.871   191.150    -0.644 
   0.268     0.963   188.167   195.471    -0.879 
   0.269     0.963   218.719   204.164    -0.243 
   0.294     0.956    96.007   170.248    -0.142 
   0.294     0.956   111.184   174.933     0.121 
   0.295     0.955   126.346   179.635     0.003 
   0.296     0.955   141.494   184.354     0.154 
   0.296     0.955   156.627   189.089    -0.189 
   0.297     0.955   171.746   193.841    -0.948 
   0.297     0.955   186.851   198.609    -0.712 
   0.299     0.954   217.016   208.195    -0.461 
   0.323     0.946    95.805   170.691    -0.119 
   0.323     0.946   110.777   175.820    -0.062 
   0.324     0.946   125.734   180.966    -0.217 
   0.325     0.946   140.676   186.127    -0.067 
   0.325     0.946   155.601   191.304    -0.259 
   0.326     0.945   170.512   196.498    -0.642 
   0.326     0.945   185.406   201.707    -0.741 
   0.327     0.945   200.286   206.932    -0.363 
   0.328     0.945   215.149   212.173    -0.377 
   0.352     0.936    95.583   171.129     0.006 
   0.352     0.936   110.334   176.695    -0.210 
   0.353     0.936   125.067   182.277    -0.168 
   0.354     0.935   139.785   187.874    -0.067 
   0.354     0.935   154.485   193.487    -0.287 
   0.355     0.935   169.169   199.116    -0.767 
   0.355     0.935   183.836   204.760    -0.664 
   0.357     0.934   213.121   216.095    -0.198 
   0.381     0.925    95.344   171.560     0.107 
   0.381     0.924   109.855   177.556     0.006 
   0.382     0.924   124.347   183.568     0.138 
   0.383     0.924   138.822   189.595    -0.450 
   0.383     0.924   153.280   195.637     0.098 
   0.384     0.923   167.720   201.693    -0.056 
   0.384     0.923   182.142   207.765    -0.635 
   0.385     0.923   196.547   213.852    -0.771 
   0.409     0.912    95.088   171.983    -0.105 
   0.410     0.912   109.340   178.403    -0.092 
   0.411     0.912   123.574   184.837    -0.210 
   0.411     0.912   137.790   191.286     0.167 
   0.412     0.911   151.987   197.749    -0.182 
   0.413     0.911   180.326   210.719    -0.436 
   0.414     0.910   194.468   217.226    -0.586 
   0.414     0.910   208.592   223.747    -0.823 
   0.438     0.899    94.813   172.399    -0.058 
   0.439     0.899   108.791   179.234    -0.015 
   0.439     0.898   122.750   186.082    -0.168 
   0.440     0.898   136.689   192.945     0.180 
   0.440     0.898   150.609   199.822     0.140 
   0.441     0.897   164.509   206.713    -0.320 
   0.442     0.897   178.391   213.618    -0.628 
   0.442     0.897   192.253   220.536    -0.715 
   0.443     0.897   206.096   227.468    -0.823 
   0.466     0.885    94.522   172.806    -0.133 
   0.467     0.884   108.208   180.048    -0.116 
   0.468     0.884   121.874   187.303    -0.224 
   0.470     0.883   176.338   216.457    -0.865 
   0.471     0.882   189.904   223.779    -0.698 
   0.495     0.869    94.215   173.205    -0.088 
   0.495     0.869   107.592   180.845    -0.067 
   0.496     0.868   120.949   188.497    -0.024 
   0.497     0.868   134.285   196.162    -0.175 
   0.497     0.868   147.601   203.841    -0.007 
   0.498     0.867   174.171   219.235    -0.621 
   0.499     0.867   187.425   226.952    -0.698 
   0.523     0.853    93.891   173.594    -0.036 
   0.523     0.852   106.943   181.623    -0.071 
   0.524     0.852   119.975   189.663     0.170 
   0.524     0.851   132.986   197.716    -0.180 
   0.525     0.851   145.975   205.781    -0.210 
   0.550     0.835    93.551   173.974    -0.029 
   0.551     0.834   106.263   182.381    -0.043 
   0.552     0.834   118.954   190.800    -0.025 
   0.552     0.834   131.623   199.231     0.194 
   0.553     0.833   144.271   207.673    -0.349 
   0.578     0.816    93.195   174.343    -0.036 
   0.578     0.816   105.552   183.119    -0.015 
   0.579     0.815   117.887   191.906    -0.108 
   0.580     0.815   130.200   200.704     0.188 
   0.580     0.814   142.491   209.513    -0.168 
   0.605     0.796    92.825   174.702    -0.001 
   0.607     0.795   140.637   211.300    -0.087 
   0.632     0.775    92.440   175.049    -0.147 
   0.632     0.775   104.040   184.530     0.114 
   0.633     0.774   115.619   194.021    -0.182 
   0.634     0.773   138.710   213.031    -0.363 
   0.636     0.772   173.183   241.619    -0.503 
   0.636     0.772   184.631   251.167    -0.307 
   0.658     0.753    92.040   175.385    -0.064 
   0.659     0.753   103.242   185.202    -0.057 
   0.660     0.751   136.715   214.705    -0.533 
   0.661     0.751   147.828   224.557    -0.677 
   0.662     0.750   169.990   244.289    -0.536 
   0.684     0.730    91.628   175.710    -0.118 
   0.684     0.729   102.417   185.849    -0.052 
   0.685     0.728   123.928   206.154     0.072 
   0.686     0.727   145.353   226.492    -0.321 
   0.687     0.726   166.691   246.863    -0.339 
   0.710     0.705   101.565   186.472    -0.063 
   0.710     0.704   111.906   196.930    -0.084 
   0.711     0.703   132.524   217.871    -0.112 
   0.712     0.703   142.801   228.353    -0.111 
   0.713     0.702   163.290   249.339    -0.248 
   0.734     0.679   100.688   187.069     0.007 
   0.737     0.676   159.791   251.714    -0.461 
   0.758     0.652    99.787   187.641     0.083 
   0.759     0.651   109.241   198.682     0.045 
   0.759     0.651   118.674   209.729     0.265 
   0.760     0.650   128.086   220.783    -0.328 
   0.760     0.650   137.477   231.844    -0.007 
   0.761     0.649   156.198   253.984    -0.405 
   0.761     0.648   165.528   265.064    -0.447 
   0.782     0.624    98.863   188.185    -0.028 
   0.782     0.623   107.856   199.497     0.045 
   0.782     0.623   116.828   210.816     0.168 
   0.783     0.622   134.712   233.470     0.043 
   0.784     0.621   143.624   244.806    -0.489 
   0.784     0.621   152.516   256.147    -0.516 
   0.784     0.620   161.388   267.495    -0.447 
  -0.656    -0.755    92.453   160.500     1.046 
  -0.656    -0.755    81.123   150.766     0.781 
  -0.655    -0.756    69.771   141.041     0.377 
  -0.685    -0.729   149.588   208.660    -0.431 
  -0.684    -0.729   138.780   198.553    -0.132 
  -0.683    -0.730   117.098   178.366    -0.076 
  -0.681    -0.732    73.467   138.095     1.422 
  -0.709    -0.705   140.051   197.614    -0.166 
  -0.706    -0.708    77.285   135.261     0.196 
  -0.735    -0.678   161.233   218.163    -0.266 
  -0.734    -0.679   151.307   207.435    -0.578 
  -0.734    -0.679   141.360   196.714    -0.168 
  -0.734    -0.680   131.391   186.000    -0.131 
  -0.733    -0.680   121.401   175.293    -0.006 
  -0.733    -0.681   111.388   164.594     0.168 
  -0.732    -0.681   101.355   153.902     0.374 
  -0.732    -0.682    91.299   143.218     0.757 
  -0.731    -0.682    81.221   132.541     0.799 
  -0.759    -0.651   161.682   217.876    -0.280 
  -0.758    -0.652   152.204   206.861    -0.571 
  -0.758    -0.652   142.706   195.852    -0.162 
  -0.758    -0.653   133.186   184.850    -0.118 
  -0.757    -0.653   123.646   173.854     0.050 
  -0.757    -0.654   114.084   162.865     0.196 
  -0.756    -0.654   104.501   151.883     0.202 
  -0.756    -0.655    94.896   140.908     0.303 
  -0.755    -0.655    85.270   129.940     0.457 
  -0.782    -0.623   162.141   217.603    -0.214 
  -0.782    -0.624   153.124   206.314    -0.248 
  -0.781    -0.624   144.087   195.031    -0.153 
  -0.781    -0.625   135.028   183.754     0.162 
  -0.780    -0.625   125.950   172.482     0.182 
  -0.780    -0.626   116.850   161.218     0.203 
  -0.780    -0.626   107.730   149.959     0.193 
  -0.779    -0.627    98.589   138.706     0.229 
  -0.779    -0.627    89.426   127.460     0.291 
  -0.805    -0.594   162.612   217.344    -0.223 
  -0.804    -0.594   154.066   205.795    -0.183 
  -0.804    -0.595   145.501   194.251    -0.152 
  -0.803    -0.595   136.915   182.713     0.180 
  -0.803    -0.596   128.310   171.180     0.224 
  -0.803    -0.596   119.684   159.653     0.244 
  -0.802    -0.597   111.038   148.131     0.340 
  -0.802    -0.598   102.372   136.615     0.288 
  -0.801    -0.598    93.685   125.104     0.558 
  -0.826    -0.563   163.093   217.099    -0.143 
  -0.826    -0.564   155.029   205.304    -0.210 
  -0.826    -0.564   146.946   193.513    -0.090 
  -0.825    -0.565   138.844   181.728     0.168 
  -0.825    -0.565   130.723   169.948     0.335 
  -0.824    -0.566   122.582   158.172     0.402 
  -0.824    -0.567   114.422   146.402     0.339 
  -0.824    -0.567   106.242   134.637     0.670 
  -0.823    -0.568    98.042   122.876     0.593 
  -0.823    -0.568    89.822   111.121     0.182 
  -0.847    -0.532   163.584   216.868    -0.123 
  -0.847    -0.532   156.012   204.841    -0.177 
  -0.846    -0.533   148.422   192.819     0.103 
  -0.846    -0.533   140.813   180.801     0.266 
  -0.846    -0.534   133.186   168.788     0.322 
  -0.845    -0.534   125.540   156.779     0.379 
  -0.845    -0.535   117.876   144.774     0.474 
  -0.845    -0.535   110.192   132.774     0.678 
  -0.844    -0.536   102.490   120.779     0.559 
  -0.844    -0.537    94.769   108.787     0.433 
  -0.867    -0.499   164.085   216.651    -0.228 
  -0.866    -0.500   157.014   204.408    -0.137 
  -0.866    -0.500   149.925   192.169    -0.001 
  -0.866    -0.501   142.820   179.933     0.331 
  -0.865    -0.501   135.696   167.702     0.474 
  -0.865    -0.502   128.555   155.474     0.357 
  -0.865    -0.502   121.396   143.250     0.396 
  -0.864    -0.503   114.220   131.030     0.598 
  -0.864    -0.503   107.025   118.814     0.772 
  -0.864    -0.504    99.812   106.602     0.846 
  -0.885    -0.465   164.593   216.450    -0.151 
  -0.885    -0.466   158.032   204.005     0.024 
  -0.885    -0.466   151.455   191.564     0.044 
  -0.884    -0.467   144.861   179.125     0.271 
  -0.884    -0.467   138.251   166.690     0.511 
  -0.884    -0.468   131.623   154.259     0.522 
  -0.884    -0.468   124.979   141.831     0.702 
  -0.883    -0.469   118.318   129.406     0.804 
  -0.883    -0.469   111.641   116.984     0.654 
  -0.883    -0.470   104.945   104.567     1.170 
  -0.903    -0.431   165.110   216.264    -0.091 
  -0.902    -0.431   159.067   203.633     0.000 
  -0.902    -0.432   153.009   191.004     0.210 
  -0.902    -0.432   146.935   178.378     0.570 
  -0.902    -0.433   140.846   165.755     0.527 
  -0.901    -0.433   134.741   153.135     0.760 
  -0.901    -0.434   128.620   140.518     0.841 
  -0.901    -0.434   122.484   127.904     0.976 
  -0.901    -0.435   116.331   115.293     1.006 
  -0.900    -0.435   110.163   102.685     0.995 
  -0.919    -0.395   165.635   216.093     0.129 
  -0.919    -0.395   160.117   203.291     0.015 
  -0.918    -0.396   154.585   190.491     0.301 
  -0.918    -0.396   149.039   177.693     0.705 
  -0.918    -0.397   143.478   164.897     0.952 
  -0.918    -0.397   137.903   152.105     1.043 
  -0.918    -0.398   132.314   139.314     1.174 
  -0.917    -0.398   126.710   126.526     1.007 
  -0.917    -0.399   121.091   113.741     1.167 
  -0.917    -0.399   115.457   100.958     0.971 
  -0.934    -0.358   166.166   215.938     0.006 
  -0.933    -0.359   161.180   202.980     0.249 
  -0.933    -0.359   156.182   190.024     0.499 
  -0.933    -0.360   151.170   177.070     0.816 
  -0.933    -0.360   146.145   164.118     0.805 
  -0.933    -0.360   141.108   151.168     1.052 
  -0.933    -0.361   136.056   138.220     0.954 
  -0.932    -0.361   130.992   125.275     0.917 
  -0.932    -0.362   125.914   112.331     0.825 
  -0.932    -0.362   120.822    99.390     1.053 
  -0.947    -0.321   166.703   215.799     0.062 
  -0.947    -0.321   162.256   202.701     0.091 
  -0.947    -0.322   157.797   189.605     0.677 
  -0.947    -0.322   153.326   176.511     1.015 
  -0.947    -0.322   148.844   163.418     0.645 
  -0.946    -0.323   144.349   150.327     0.949 
  -0.946    -0.323   139.843   137.238     0.732 
  -0.946    -0.324   135.324   124.151     0.934 
  -0.946    -0.324   130.793   111.065     0.898 
  -0.946    -0.324   126.250    97.981     0.799 
  -0.959    -0.282   167.245   215.676     0.086 
  -0.959    -0.283   163.342   202.455     0.223 
  -0.959    -0.283   159.428   189.235     0.416 
  -0.959    -0.284   155.504   176.016     0.727 
  -0.959    -0.284   151.569   162.799     0.972 
  -0.959    -0.284   147.624   149.583     1.034 
  -0.959    -0.285   143.668   136.368     0.809 
  -0.959    -0.285   139.702   123.155     0.886 
  -0.958    -0.285   135.724   109.944     0.809 
  -0.958    -0.286   131.736    96.733     1.153 
  -0.970    -0.243   167.792   215.569     0.194 
  -0.970    -0.244   164.438   202.240     0.348 
  -0.970    -0.244   161.074   188.912     0.395 
  -0.970    -0.244   157.701   175.586     0.851 
  -0.970    -0.245   154.320   162.260     0.786 
  -0.970    -0.245   150.929   148.936     0.919 
  -0.969    -0.245   147.528   135.612     0.922 
  -0.969    -0.246   144.119   122.290     0.819 
  -0.969    -0.246   140.700   108.969     0.741 
  -0.969    -0.246   137.272    95.649     1.060 
  -0.979    -0.204   168.344   215.478     0.375 
  -0.979    -0.204   165.542   202.058     0.567 
  -0.979    -0.204   162.732   188.639     0.617 
  -0.979    -0.205   159.915   175.221     0.659 
  -0.979    -0.205   157.091   161.803     0.847 
  -0.979    -0.205   154.258   148.387     1.023 
  -0.979    -0.205   151.418   134.971     1.045 
  -0.979    -0.206   148.570   121.556     0.858 
  -0.979    -0.206   145.714   108.142     0.694 
  -0.987    -0.164   168.899   215.403     0.465 
  -0.986    -0.164   166.653   201.909     0.545 
  -0.986    -0.164   164.401   188.415     0.713 
  -0.986    -0.164   162.143   174.921     0.663 
  -0.986    -0.165   159.879   161.429     0.864 
  -0.986    -0.165   157.609   147.937     0.962 
  -0.986    -0.165   155.332   134.445     0.829 
  -0.986    -0.165   153.049   120.955     0.771 
  -0.986    -0.165   150.760   107.464     0.762 
  -0.986    -0.166   148.464    93.975     0.628 
  -0.992    -0.123   169.456   215.345     0.565 
  -0.992    -0.123   167.769   201.792     0.624 
  -0.992    -0.124   166.078   188.240     0.774 
  -0.992    -0.124   164.382   174.688     0.870 
  -0.992    -0.124   162.682   161.137     0.917 
  -0.992    -0.124   160.976   147.586     0.797 
  -0.992    -0.124   159.266   134.036     0.977 
  -0.992    -0.124   157.552   120.486     1.048 
  -0.992    -0.125   155.832   106.936     0.739 
  -0.997    -0.082   170.016   215.304    -0.063 
  -0.997    -0.082   168.890   201.709     0.649 
  -0.997    -0.083   167.761   188.115     0.713 
  -0.997    -0.083   166.630   174.522     0.955 
  -0.997    -0.083   165.495   160.928     0.917 
  -0.997    -0.083   164.357   147.335     0.835 
  -0.997    -0.083   162.071   120.151     1.283 
  -0.999    -0.041   170.577   215.279     0.746 
  -0.999    -0.041   170.013   201.659     0.614 
  -0.999    -0.041   169.449   188.040     0.781 
  -0.999    -0.041   168.883   174.422     0.669 
  -0.999    -0.041   168.315   160.803     0.854 
  -0.999    -0.042   166.602   119.949     0.419 
  -1.000     0.000   171.138   201.643     0.781 
  -1.000     0.000   171.138   188.015     0.666 
  -1.000     0.000   171.138   160.761    -0.182 
  -1.000     0.000   171.138   133.508     0.447 
  -1.000     0.000   171.138   106.256     1.297 
  -0.999     0.041   171.700   215.279    -0.015 
  -0.999     0.041   172.263   201.659     0.300 
  -0.999     0.041   172.828   188.040     0.537 
  -0.999     0.041   173.962   160.803    -0.119 
  -0.999     0.042   175.675   119.949     0.907 
  -0.997     0.082   172.261   215.304    -0.130 
  -0.997     0.082   173.386   201.709     0.788 
  -0.997     0.083   174.515   188.115     0.138 
  -0.997     0.083   175.647   174.522    -0.224 
  -0.997     0.083   176.782   160.928     0.338 
  -0.992     0.123   172.820   215.345    -0.026 
  -0.992     0.123   174.507   201.792     0.034 
  -0.992     0.124   176.198   188.240     0.349 
  -0.992     0.124   177.894   174.688     0.335 
  -0.992     0.124   179.595   161.137     0.837 
  -0.992     0.124   181.300   147.586     0.481 
  -0.992     0.124   184.725   120.486     1.492 
  -0.992     0.125   186.444   106.936     1.032 
  -0.992     0.125   188.169    93.387     0.503 
  -0.987     0.164   173.378   215.403     0.161 
  -0.986     0.164   175.624   201.909     0.455 
  -0.986     0.164   177.875   188.415     0.746 
  -0.986     0.164   180.133   174.921     1.046 
  -0.986     0.165   182.397   161.429     0.139 
  -0.986     0.165   191.516   107.464     1.143 
  -0.979     0.204   173.933   215.478     0.385 
  -0.979     0.204   176.735   202.058     0.603 
  -0.979     0.204   179.544   188.639    -0.015 
  -0.979     0.205   182.361   175.221     0.457 
  -0.979     0.205   188.018   148.387     0.268 
  -0.979     0.205   190.859   134.971     0.085 
  -0.979     0.206   193.707   121.556     1.116 
  -0.970     0.243   174.484   215.569     0.345 
  -0.970     0.244   177.839   202.240     0.278 
  -0.970     0.244   181.202   188.912    -0.294 
  -0.970     0.244   184.575   175.586    -0.182 
  -0.970     0.245   191.348   148.936     0.417 
  -0.969     0.246   201.577   108.969     0.753 
  -0.959     0.282   175.031   215.676     0.693 
  -0.959     0.283   178.935   202.455     0.326 
  -0.959     0.283   182.848   189.235    -0.294 
  -0.959     0.284   194.652   149.583     0.285 
  -0.959     0.285   198.608   136.368     0.194 
  -0.947     0.321   175.574   215.799     0.453 
  -0.947     0.321   180.021   202.701     0.316 
  -0.947     0.322   184.480   189.605     0.712 
  -0.947     0.322   188.950   176.511    -0.374 
  -0.947     0.322   193.433   163.418     0.027 
  -0.946     0.323   197.927   150.327    -0.266 
  -0.946     0.323   202.434   137.238     0.215 
  -0.934     0.358   176.111   215.938     0.504 
  -0.933     0.359   181.096   202.980     0.403 
  -0.933     0.359   186.095   190.024    -0.210 
  -0.933     0.360   196.131   164.118    -0.202 
  -0.933     0.360   201.169   151.168    -0.087 
  -0.933     0.361   206.220   138.220    -0.167 
  -0.919     0.395   176.642   216.093     0.478 
  -0.919     0.395   182.160   203.291     0.355 
  -0.918     0.396   193.238   177.693     0.725 
  -0.918     0.397   198.798   164.897    -0.210 
  -0.918     0.397   204.373   152.105    -0.555 
  -0.903     0.431   177.166   216.264     0.648 
  -0.902     0.431   183.209   203.633     0.487 
  -0.902     0.432   189.268   191.004     0.062 
  -0.902     0.432   195.341   178.378     0.029 
  -0.902     0.433   201.431   165.755     0.045 
  -0.901     0.433   207.536   153.135    -0.162 
  -0.901     0.434   213.656   140.518    -0.555 
  -0.885     0.465   177.683   216.450     0.591 
  -0.885     0.466   190.822   191.564     0.069 
  -0.884     0.467   197.415   179.125     0.202 
  -0.884     0.467   204.026   166.690    -0.140 
  -0.884     0.468   210.653   154.259    -0.572 
  -0.884     0.468   217.297   141.831    -0.506 
  -0.867     0.499   178.192   216.651     0.662 
  -0.866     0.500   185.263   204.408     0.556 
  -0.866     0.500   192.351   192.169     0.097 
  -0.866     0.501   199.457   179.933     0.069 
  -0.865     0.501   206.580   167.702     0.020 
  -0.865     0.502   213.721   155.474    -0.052 
  -0.865     0.502   220.880   143.250    -0.558 
  -0.847     0.532   178.692   216.868     0.570 
  -0.846     0.533   193.855   192.819     0.111 
  -0.846     0.533   201.463   180.801     0.055 
  -0.846     0.534   209.091   168.788     0.038 
  -0.845     0.535   224.401   144.774    -0.645 
  -0.826     0.564   187.247   205.304     0.626 
  -0.826     0.564   195.330   193.513     0.592 
  -0.825     0.565   203.432   181.728     0.188 
  -0.825     0.565   211.554   169.948     0.293 
  -0.824     0.566   219.695   158.172     0.216 
  -0.824     0.567   227.855   146.402     0.057 
  -0.824     0.567   236.035   134.637     0.043 
  -0.805     0.594   179.664   217.344     0.753 
  -0.804     0.594   188.210   205.795     0.612 
  -0.804     0.595   196.776   194.251     0.628 
  -0.803     0.595   205.361   182.713     0.461 
  -0.803     0.596   213.967   171.180     0.321 
  -0.802     0.597   231.238   148.131     0.349 
  -0.802     0.598   239.905   136.615     0.098 
  -0.782     0.623   180.135   217.603     0.788 
  -0.781     0.624   198.190   195.031     0.962 
  -0.781     0.625   207.248   183.754     0.342 
  -0.780     0.625   216.327   172.482    -0.013 
  -0.780     0.626   225.426   161.218     0.230 
  -0.780     0.626   234.547   149.959     1.004 
  -0.779     0.627   243.688   138.706     0.753 
  -0.759     0.651   180.595   217.876     0.765 
  -0.758     0.652   190.072   206.861     0.519 
  -0.758     0.652   199.571   195.852     0.767 
  -0.758     0.653   209.090   184.850     0.259 
  -0.757     0.653   218.631   173.854     0.208 
  -0.756     0.654   237.776   151.883     0.868 
  -0.756     0.655   247.380   140.908     0.757 
  -0.755     0.655   257.007   129.940     0.516 
  -0.735     0.678   181.043   218.163     0.758 
  -0.734     0.679   190.969   207.435     0.522 
  -0.734     0.679   200.917   196.714     0.509 
  -0.734     0.680   210.886   186.000     0.283 
  -0.733     0.680   220.876   175.293     0.665 
  -0.733     0.681   230.888   164.594     0.379 
  -0.732     0.681   240.922   153.902     0.842 
  -0.732     0.682   250.978   143.218     0.405 
  -0.731     0.682   261.055   132.541     0.191 
  -0.710     0.704   181.479   218.463     0.600 
  -0.710     0.704   191.842   208.035     0.605 
  -0.709     0.705   202.226   197.614     0.484 
  -0.709     0.705   212.632   187.202     0.565 
  -0.708     0.706   223.060   176.798     0.146 
  -0.708     0.706   233.509   166.402     0.469 
  -0.707     0.707   243.981   156.013     0.318 
  -0.707     0.707   254.475   145.633     0.698 
  -0.706     0.708   264.991   135.261     1.081 
  -0.685     0.728   181.903   218.775     0.556 
  -0.685     0.729   192.689   208.660     0.440 
  -0.684     0.729   203.497   198.553     0.402 
  -0.684     0.730   214.327   188.456     0.564 
  -0.683     0.730   225.179   178.366     0.224 
  -0.682     0.731   236.053   168.285     0.229 
  -0.682     0.731   246.949   158.213     0.327 
  -0.681     0.732   257.868   148.150     0.343 
  -0.681     0.732   268.809   138.095     0.531 
  -0.659     0.752   182.313   219.100     0.274 
  -0.659     0.752   193.510   209.310     0.217 
  -0.658     0.753   204.728   199.530     0.241 
  -0.658     0.753   215.969   189.758     0.297 
  -0.657     0.754   227.231   179.996     0.622 
  -0.657     0.754   238.516   170.243    -0.152 
  -0.656     0.755   249.824   160.500     0.302 
  -0.656     0.755   261.153   150.766     0.476 
  -0.655     0.756   272.505   141.041     0.931 
  -0.633     0.774   182.710   219.436     0.215 
  -0.632     0.775   194.303   209.984     0.086 
  -0.632     0.775   205.918   200.542     0.168 
  -0.631     0.775   217.555   191.109     0.170 
  -0.631     0.776   229.215   181.686    -0.015 
  -0.630     0.776   240.896   172.273     0.146 
  -0.630     0.777   252.600   162.870     0.149 
  -0.629     0.777   264.326   153.477     0.900 
  -0.629     0.778   276.074   144.094     0.607 
  -0.606     0.795   183.092   219.785     0.182 
  -0.606     0.796   195.068   210.681    -0.049 
  -0.605     0.796   207.065   201.588     0.112 
  -0.605     0.797   219.085   192.505     0.021 
  -0.604     0.797   231.126   183.433    -0.016 
  -0.603     0.797   243.189   174.372     0.106 
  -0.603     0.798   255.275   165.321     0.182 
  -0.602     0.798   267.382   156.281     0.788 
  -0.602     0.799   279.512   147.251     0.628 
  -0.579     0.815   183.460   220.144    -0.333 
  -0.579     0.816   195.803   211.400    -0.049 
  -0.578     0.816   208.168   202.668     0.044 
  -0.577     0.816   220.555   193.947    -0.017 
  -0.577     0.817   232.963   185.236     0.108 
  -0.576     0.817   245.393   176.537     0.613 
  -0.576     0.818   257.845   167.849     0.575 
  -0.575     0.818   270.319   159.173     0.833 
  -0.575     0.818   282.815   150.508     0.440 
  -0.552     0.834   183.813   220.514    -0.203 
  -0.551     0.834   196.509   212.141    -0.054 
  -0.551     0.835   209.226   203.780    -0.076 
  -0.550     0.835   221.964   195.430     0.013 
  -0.549     0.836   234.724   187.092     0.641 
  -0.549     0.836   247.506   178.766     0.372 
  -0.548     0.836   260.308   170.452     0.115 
  -0.548     0.837   273.133   162.150     0.900 
  -0.547     0.837   285.979   153.860     0.927 
  -0.524     0.852   184.150   220.894    -0.138 
  -0.523     0.852   197.183   212.902    -0.128 
  -0.523     0.852   210.237   204.922    -0.123 
  -0.522     0.853   223.311   196.955     0.001 
  -0.522     0.853   236.407   189.000     0.286 
  -0.521     0.854   249.523   181.057     0.803 
  -0.520     0.854   262.661   173.127     0.313 
  -0.519     0.855   288.999   157.304     1.094 
  -0.496     0.868   184.472   221.284    -0.099 
  -0.495     0.869   197.826   213.683    -0.130 
  -0.495     0.869   211.200   206.094    -0.101 
  -0.494     0.869   224.594   198.518     0.311 
  -0.494     0.870   238.009   190.955     0.233 
  -0.493     0.870   251.444   183.406     0.548 
  -0.492     0.870   264.900   175.869     0.178 
  -0.491     0.871   291.873   160.835     1.304 
  -0.468     0.884   184.777   221.683     0.124 
  -0.467     0.884   198.435   214.482    -0.128 
  -0.466     0.885   212.113   207.293    -0.109 
  -0.466     0.885   225.811   200.119     0.276 
  -0.465     0.885   239.529   192.957     0.211 
  -0.465     0.886   253.266   185.810     0.320 
  -0.464     0.886   267.023   178.676     0.363 
  -0.463     0.886   280.799   171.555     1.380 
  -0.439     0.898   185.066   222.091     0.140 
  -0.439     0.899   199.012   215.298     0.069 
  -0.438     0.899   212.977   208.519    -0.124 
  -0.437     0.899   226.961   201.754    -0.035 
  -0.437     0.900   240.964   195.003     0.024 
  -0.436     0.900   254.986   188.266     0.717 
  -0.435     0.900   269.027   181.543     0.592 
  -0.434     0.901   297.166   168.141     0.844 
  -0.410     0.912   185.337   222.508     0.003 
  -0.410     0.912   199.554   216.131    -0.105 
  -0.409     0.912   213.789   209.770    -0.041 
  -0.409     0.913   228.042   203.422     0.096 
  -0.408     0.913   242.314   197.090     0.140 
  -0.407     0.913   256.603   190.772     0.542 
  -0.407     0.914   270.911   184.469     0.579 
  -0.406     0.914   285.236   178.181     0.635 
  -0.406     0.914   299.580   171.907     0.460 
  -0.405     0.914   313.942   165.648     0.464 
  -0.382     0.924   185.591   222.932     0.227 
  -0.381     0.925   200.062   216.980    -0.179 
  -0.380     0.925   214.549   211.043    -0.358 
  -0.380     0.925   229.054   205.122     0.111 
  -0.379     0.925   243.576   199.215    -0.012 
  -0.379     0.926   258.115   193.324     0.212 
  -0.378     0.926   272.671   187.448     0.296 
  -0.377     0.926   287.244   181.588     0.307 
  -0.353     0.936   185.828   223.363     0.257 
  -0.352     0.936   200.534   217.843    -0.022 
  -0.351     0.936   215.256   212.339    -0.097 
  -0.351     0.936   229.994   206.850     0.076 
  -0.350     0.937   244.749   201.377    -0.024 
  -0.350     0.937   259.519   195.920     0.441 
  -0.349     0.937   274.306   190.478     0.279 
  -0.348     0.937   289.109   185.052     0.110 
  -0.348     0.938   303.928   179.642     0.252 
  -0.347     0.938   318.763   174.247     0.663 
  -0.324     0.946   186.047   223.801     0.173 
  -0.323     0.946   200.970   218.720     0.170 
  -0.322     0.947   215.909   213.655    -0.055 
  -0.322     0.947   230.862   208.605     0.027 
  -0.321     0.947   245.831   203.572    -0.229 
  -0.320     0.947   275.814   193.554     0.112 
  -0.319     0.948   290.828   188.569     1.046 
  -0.319     0.948   305.857   183.601     0.196 
  -0.294     0.956   186.247   224.246     0.020 
  -0.293     0.956   216.507   214.989    -0.370 
  -0.293     0.956   231.657   210.385    -0.318 
  -0.292     0.956   246.822   205.798     0.069 
  -0.263     0.965   232.378   212.187    -0.203 
  -0.263     0.965   247.720   208.051    -0.115 
  -0.262     0.965   263.074   203.933     0.085 
  -0.261     0.965   278.442   199.831    -0.168 
  -0.235     0.972   217.535   217.706    -0.124 
  -0.234     0.972   233.024   214.010    -0.572 
  -0.233     0.972   248.524   210.330    -0.098 
  -0.233     0.973   264.036   206.668     0.431 
  -0.232     0.973   279.558   203.023     0.167 
  -0.231     0.973   310.638   195.786     0.238 
  -0.206     0.978   186.737   225.610     0.250 
  -0.206     0.979   202.346   222.339     0.299 
  -0.205     0.979   217.965   219.086    -0.008 
  -0.205     0.979   233.594   215.850    -0.328 
  -0.204     0.979   249.234   212.632     0.037 
  -0.203     0.979   264.883   209.431     0.162 
  -0.203     0.979   280.542   206.247     0.238 
  -0.202     0.979   296.211   203.082     0.331 
  -0.202     0.979   311.890   199.934     0.238 
  -0.177     0.984   186.863   226.074     0.250 
  -0.176     0.984   202.596   223.267     0.267 
  -0.176     0.984   218.337   220.478     0.072 
  -0.175     0.985   234.088   217.706    -0.174 
  -0.174     0.985   249.847   214.953    -0.057 
  -0.174     0.985   265.615   212.217     0.027 
  -0.173     0.985   297.177   206.798     0.334 
  -0.147     0.989   186.969   226.541     0.144 
  -0.147     0.989   202.807   224.201     0.045 
  -0.146     0.989   218.652   221.880    -0.252 
  -0.146     0.989   234.505   219.576     0.061 
  -0.145     0.989   250.365   217.290    -0.126 
  -0.144     0.990   266.232   215.022     0.051 
  -0.144     0.990   282.106   212.773     0.327 
  -0.143     0.990   297.987   210.541     0.739 
  -0.118     0.993   187.056   227.011     0.107 
  -0.117     0.993   202.979   225.141    -0.127 
  -0.117     0.993   218.909   223.290    -0.241 
  -0.116     0.993   234.844   221.457    -0.156 
  -0.115     0.993   250.785   219.642    -0.055 
  -0.115     0.993   266.732   217.845     0.268 
  -0.114     0.993   282.685   216.066     0.412 
  -0.114     0.994   298.643   214.306     0.722 
  -0.113     0.994   314.607   212.563     0.516 
  -0.088     0.996   187.124   227.483    -0.021 
  -0.088     0.996   203.113   226.086    -0.057 
  -0.087     0.996   219.107   224.707    -0.296 
  -0.086     0.996   235.106   223.346    -0.042 
  -0.086     0.996   251.109   222.004    -0.349 
  -0.085     0.996   267.116   220.680     0.231 
  -0.085     0.996   283.127   219.375    -0.138 
  -0.059     0.998   187.172   227.957    -0.195 
  -0.058     0.998   203.208   227.034    -0.355 
  -0.057     0.998   219.247   226.129    -0.350 
  -0.057     0.998   235.290   225.243    -0.058 
  -0.056     0.998   251.334   224.375    -0.153 
  -0.056     0.998   267.382   223.525     0.299 
  -0.055     0.998   283.433   222.694     0.170 
  -0.029     1.000   187.200   228.432    -0.328 
  -0.028     1.000   203.264   227.984    -0.285 
  -0.028     1.000   219.329   227.555    -0.334 
  -0.027     1.000   235.395   227.143    -0.283 
  -0.026     1.000   267.531   226.376     0.382 
  -0.026     1.000   283.601   226.021    -0.036 
   0.001     1.000   187.209   228.908    -0.090 
   0.001     1.000   203.280   228.935    -0.152 
   0.002     1.000   219.351   228.981    -0.058 
   0.002     1.000   235.422   229.046    -0.125 
   0.003     1.000   251.492   229.129     0.154 
   0.004     1.000   283.632   229.350     0.461 
   0.005     1.000   299.702   229.489     0.342 
   0.031     1.000   203.258   229.887    -0.147 
   0.031     1.000   219.315   230.408    -0.151 
   0.032     0.999   235.371   230.948    -0.125 
   0.032     0.999   251.424   231.507     0.154 
   0.034     0.999   283.527   232.679     0.496 
   0.034     0.999   299.575   233.292     0.335 
   0.060     0.998   187.169   229.858     0.307 
   0.060     0.998   203.196   230.836    -0.073 
   0.061     0.998   219.220   231.833    -0.224 
   0.063     0.998   267.273   234.932    -0.210 
   0.089     0.996   187.119   230.332    -0.055 
   0.090     0.996   203.095   231.784    -0.473 
   0.091     0.996   219.067   233.254    -0.407 
   0.091     0.996   235.034   234.742    -0.302 
   0.119     0.993   187.050   230.804    -0.370 
   0.119     0.993   202.956   232.728    -0.549 
   0.120     0.993   218.855   234.670    -0.342 
   0.121     0.993   234.748   236.630    -0.140 
   0.121     0.993   250.636   238.608    -0.109 
   0.122     0.993   266.516   240.603     0.289 
   0.122     0.992   282.391   242.617     0.339 
   0.123     0.992   298.259   244.649     0.473 
   0.124     0.992   314.121   246.699     0.865 
   0.148     0.989   186.961   231.274    -0.202 
   0.149     0.989   202.777   233.667    -0.440 
   0.150     0.989   218.585   236.078    -0.501 
   0.150     0.989   234.386   238.507    -0.079 
   0.151     0.989   250.179   240.954     0.224 
   0.151     0.988   265.964   243.419     0.172 
   0.152     0.988   281.742   245.901     0.295 
   0.153     0.988   297.512   248.401     0.455 
   0.153     0.988   313.274   250.919     0.794 
   0.154     0.988   329.028   253.454     0.936 
   0.178     0.984   186.854   231.741    -0.146 
   0.179     0.984   202.560   234.601    -0.346 
   0.179     0.984   218.258   237.478    -0.501 
   0.180     0.984   233.947   240.373    -0.269 
   0.181     0.984   265.297   246.216     0.480 
   0.181     0.983   280.958   249.164     0.962 
   0.183     0.983   312.254   255.111     0.600 
   0.207     0.978   186.727   232.204    -0.300 
   0.208     0.978   202.305   235.527    -0.069 
   0.209     0.978   217.873   238.867    -0.288 
   0.211     0.977   280.042   252.401     0.424 
   0.237     0.972   186.581   232.663     0.447 
   0.237     0.971   202.012   236.445     0.252 
   0.238     0.971   217.432   240.244    -0.286 
   0.240     0.971   263.621   251.743     0.152 
   0.241     0.971   294.355   259.493     0.599 
   0.266     0.964   186.416   233.118     0.191 
   0.267     0.964   201.682   237.354    -0.370 
   0.267     0.964   216.934   241.607    -0.251 
   0.269     0.963   262.614   254.466     0.124 
   0.270     0.963   277.815   258.785     0.011 
   0.296     0.955   186.233   233.568     0.102 
   0.296     0.955   201.314   238.253    -0.231 
   0.297     0.955   216.381   242.955    -0.260 
   0.297     0.955   231.434   247.673     0.222 
   0.298     0.955   246.473   252.407     0.001 
   0.298     0.954   261.497   257.157     0.146 
   0.299     0.954   276.508   261.923     0.147 
   0.325     0.946   186.032   234.012    -0.008 
   0.325     0.946   200.910   239.141    -0.261 
   0.326     0.945   215.773   244.285    -0.282 
   0.327     0.945   230.621   249.446    -0.091 
   0.327     0.945   245.453   254.622    -0.108 
   0.328     0.945   260.271   259.814     0.293 
   0.328     0.945   275.074   265.022     0.238 
   0.329     0.944   289.861   270.245     0.098 
   0.354     0.935   185.812   234.449    -0.048 
   0.354     0.935   200.469   240.015    -0.124 
   0.355     0.935   215.110   245.597    -0.255 
   0.356     0.935   229.736   251.194    -0.257 
   0.356     0.934   244.345   256.806    -0.018 
   0.357     0.934   258.937   262.433     0.238 
   0.359     0.933   302.619   279.405     0.795 
   0.383     0.924   185.574   234.880    -0.067 
   0.386     0.923   257.498   265.011     0.224 
   0.386     0.922   271.831   271.081     0.446 
   0.412     0.911   185.319   235.304    -0.433 
   0.412     0.911   199.482   241.723    -0.202 
   0.413     0.911   213.627   248.157    -0.544 
   0.413     0.911   227.754   254.605    -0.168 
   0.415     0.910   255.954   267.545     0.670 
   0.416     0.909   298.120   287.059     1.311 
   0.440     0.898   185.047   235.719    -0.433 
   0.441     0.898   198.937   242.554    -0.684 
   0.442     0.897   212.807   249.403    -0.551 
   0.443     0.897   240.493   263.141    -0.217 
   0.443     0.896   254.308   270.031     0.670 
   0.445     0.896   281.882   283.851     0.112 
   0.445     0.895   295.641   290.782     1.255 
   0.469     0.883   184.758   236.127     0.417 
   0.470     0.883   211.938   250.624    -0.307 
   0.471     0.882   225.498   257.892     1.074 
   0.472     0.882   252.562   272.467     0.621 
   0.472     0.881   266.065   279.775     0.705 
   0.474     0.881   293.013   294.429     0.781 
   0.497     0.868   184.452   236.526     0.027 
   0.499     0.867   224.272   259.483     0.432 
   0.500     0.866   250.718   274.851     0.447 
   0.501     0.865   277.085   290.268     0.948 
   0.527     0.850   235.890   269.101    -0.321 
   0.553     0.833   183.792   237.295    -0.238 
   0.582     0.813   220.212   264.025    -0.516 
   0.583     0.813   232.428   272.834    -0.349 
   0.584     0.812   256.796   290.483     1.255 
   0.607     0.794   183.071   238.023     0.149 
   0.608     0.794   194.981   247.157     0.542 
   0.609     0.794   206.871   256.302    -0.753 
   0.609     0.793   218.739   265.456     0.013 
   0.610     0.793   230.585   274.621    -0.311 
   0.610     0.792   242.411   283.796     0.461 
   0.611     0.791   265.998   302.176     0.809 
   0.612     0.791   277.761   311.381     0.287 
   0.634     0.773   182.688   238.370     0.173 
   0.635     0.773   194.216   247.852    -0.008 
   0.636     0.772   217.208   266.843    -0.196 
   0.637     0.771   240.114   285.872     0.083 
   0.637     0.771   251.535   295.401     0.124 
   0.638     0.770   262.935   304.939     0.823 
   0.638     0.770   274.314   314.486    -0.034 
   0.639     0.769   285.672   324.043     0.826 
   0.660     0.751   182.291   238.706     0.180 
   0.661     0.750   193.423   248.523     0.083 
   0.662     0.750   215.621   268.183     0.414 
   0.662     0.749   226.688   278.027    -0.046 
   0.663     0.749   237.734   287.879    -0.147 
   0.664     0.748   248.759   297.740     0.363 
   0.665     0.747   270.745   317.488    -0.034 
   0.665     0.747   281.706   327.375     0.821 
   0.686     0.727   181.881   239.030    -0.323 
   0.687     0.727   192.602   249.171    -0.575 
   0.687     0.727   203.302   259.319    -0.457 
   0.688     0.726   213.981   269.476    -0.352 
   0.688     0.726   224.638   279.641    -0.221 
   0.689     0.725   235.274   289.814     0.097 
   0.689     0.725   245.890   299.995     0.865 
   0.690     0.724   256.484   310.185     0.049 
   0.711     0.703   181.458   239.342    -0.436 
   0.712     0.702   191.756   249.793    -0.576 
   0.712     0.702   202.033   260.252    -0.548 
   0.713     0.701   212.289   270.719    -0.447 
   0.713     0.701   222.524   281.193    -0.264 
   0.714     0.700   232.738   291.675     0.062 
   0.714     0.700   242.932   302.165     0.132 
   0.715     0.699   263.256   323.166    -0.076 
   0.736     0.677   181.022   239.641    -0.032 
   0.736     0.677   190.885   250.391    -0.082 
   0.737     0.676   200.727   261.148    -0.546 
   0.737     0.676   210.548   271.912    -0.294 
   0.738     0.675   220.348   282.683    -0.120 
   0.738     0.675   230.128   293.460    -0.043 
   0.739     0.674   239.888   304.245     0.358 
   0.739     0.674   249.627   315.037     0.568 
   0.740     0.673   269.045   336.640     0.652 
   0.760     0.650   180.574   239.927    -0.112 
   0.760     0.650   189.990   250.962     0.261 
   0.761     0.649   199.385   262.004    -0.313 
   0.761     0.649   208.759   273.052    -0.251 
   0.762     0.648   218.114   284.106    -0.094 
   0.762     0.648   227.448   295.167    -0.028 
   0.762     0.647   236.762   306.234     0.715 
   0.763     0.646   246.057   317.308     0.599 
   0.763     0.646   255.331   328.387     0.891 
   0.764     0.645   264.586   339.473     0.741 
   0.783     0.622   180.115   240.200    -0.605 
   0.783     0.621   189.072   251.507     0.267 
   0.784     0.621   198.008   262.820    -0.008 
   0.784     0.620   206.925   274.139    -0.420 
   0.785     0.620   215.823   285.463    -0.080 
   0.785     0.619   224.700   296.794    -0.051 
   0.786     0.619   233.558   308.130     0.180 
   0.786     0.618   242.397   319.472     0.554 
   0.786     0.618   251.217   330.819     0.907 
   0.805     0.593   179.645   240.458    -0.275 
   0.806     0.592   188.132   252.024     0.781 
   0.806     0.592   196.600   263.594     0.138 
   0.807     0.591   205.049   275.170     0.395 
   0.807     0.591   213.478   286.751    -0.274 
   0.807     0.590   221.889   298.338     0.272 
   0.808     0.590   230.280   309.929    -0.186 
   0.808     0.589   238.653   321.526     0.944 
   0.808     0.589   247.008   333.128     1.046 
   0.827     0.562   179.164   240.703     0.129 
   0.828     0.561   203.131   276.146     1.116 
   0.828     0.560   211.083   287.969    -0.139 
   0.829     0.559   226.932   311.631    -0.442 
   0.829     0.559   234.829   323.468     1.008 
   0.830     0.558   242.709   335.310     0.140 
   0.848     0.531   178.674   240.934     0.710 
   0.848     0.530   186.192   252.973     0.292 
   0.848     0.530   193.692   265.016     0.083 
   0.849     0.529   208.640   289.116     0.550 
   0.849     0.528   216.087   301.172    -0.328 
   0.849     0.528   223.517   313.232    -0.108 
   0.850     0.527   230.930   325.296     1.274 
   0.850     0.527   238.326   337.364     0.475 
   0.867     0.498   185.194   253.404     0.612 
   0.868     0.497   192.197   265.662     0.990 
   0.869     0.495   220.040   314.731     0.698 
   0.869     0.495   226.960   327.008     0.614 
   0.869     0.494   233.863   339.288     1.394 
   0.886     0.463   197.157   278.724     0.180 
   0.888     0.460   229.327   341.078     1.185 
   0.904     0.428   195.100   279.464     0.180 
   0.904     0.428   201.053   292.112     0.208 
   0.904     0.427   212.916   317.417    -0.456 
   0.905     0.426   224.721   342.732     1.185 
   0.920     0.392   198.449   292.959     0.208 
   0.920     0.392   203.870   305.778     0.402 
   0.920     0.391   209.278   318.600    -0.443 
   0.935     0.356   195.811   293.729    -0.509 
   0.971     0.240   200.860   348.913     1.213 
